# Data from table_mgfast2
7 424.456512 5.300471
8 438.449188 5.422939
9 449.787964 5.483371
10 461.878845 5.531182
11 474.185272 5.581693
12 486.423126 5.642078
13 499.140045 5.697893
14 512.443115 5.744324
15 524.722778 5.803420
16 535.123047 5.845832
17 537.475708 5.861187
18 513.624146 5.768572
19 329.475830 4.717120
7 424.062561 5.306118
8 437.709290 5.439034
9 449.201874 5.492782
10 461.150116 5.543841
11 473.548462 5.594352
12 485.913910 5.650269
13 498.675690 5.704616
14 511.776367 5.757041
15 524.278687 5.809411
16 534.876099 5.850251
17 537.312500 5.863726
18 513.346924 5.773899
7 423.688904 5.308545
8 435.297852 5.453850
9 447.588806 5.504886
10 458.852966 5.558864
11 471.553314 5.609241
12 483.765076 5.663180
13 496.886688 5.715264
14 510.327148 5.766798
15 522.675110 5.818136
16 533.514648 5.858563
17 536.327332 5.869797
18 512.532776 5.779693
