# Data from table_mgcomb
3 7.462981 1.155199
4 29.374306 2.350438
4 29.791700 2.275606
4 30.163181 2.216488
4 30.493799 2.169785
4 30.788050 2.132890
4 30.839130 2.102356
5 40.121040 2.793057
5 40.256073 2.792048
5 40.311989 2.791010
5 40.347202 2.790011
5 40.378189 2.789051
5 40.410553 2.788021
5 40.426090 2.787261
5 40.428059 2.786851
6 41.235279 2.829044
6 41.323051 2.828042
6 41.376926 2.827049
6 41.412155 2.826120
6 41.437607 2.825073
6 41.453083 2.824057
6 41.467628 2.823041
6 41.479229 2.822037
6 41.483070 2.821116
6 41.486019 2.820233
6 41.489063 2.819267
6 41.491009 2.818477
6 41.492031 2.816901
7 42.373699 2.855018
7 42.442562 2.854024
7 42.485294 2.853074
7 42.517033 2.852071
7 42.541275 2.851018
7 42.560867 2.850014
7 42.574635 2.849020
7 42.584297 2.848088
7 42.594925 2.847027
7 42.600090 2.846071
7 42.603016 2.845258
7 42.606148 2.844335
8 43.528355 2.881129
8 43.594704 2.880025
8 43.626991 2.879009
8 43.656898 2.878003
8 43.677334 2.877074
8 43.696587 2.876018
8 43.708450 2.875101
8 43.719238 2.874042
8 43.724197 2.873158
8 43.725269 2.872915
9 44.674595 2.905041
9 44.720150 2.904045
9 44.747185 2.903020
9 44.759106 2.902112
9 44.763058 2.901022
9 44.766163 2.900097
9 44.768051 2.899441
9 44.769222 2.898711
10 45.408821 2.922013
10 45.456387 2.921004
10 45.485207 2.920012
10 45.504276 2.919067
10 45.522396 2.918027
10 45.532249 2.917000
10 45.540623 2.916051
10 45.541145 2.915937
11 44.782978 2.905029
11 44.808540 2.904027
11 44.811012 2.903333
11 44.814068 2.902506
12 34.567657 2.580426
