# Data from table_mgcomb
4 29.102121 2.125690
4 29.509321 2.080467
4 30.423193 2.049138
4 30.685076 2.019990
4 30.918152 1.996964
4 31.125589 1.978773
4 31.310209 1.964402
4 31.474520 1.953050
4 31.620756 1.944081
4 31.750908 1.936995
4 31.866741 1.931398
4 31.969833 1.926976
4 32.061584 1.923483
4 32.143246 1.920723
4 32.215923 1.918543
4 32.280605 1.916821
4 32.338173 1.915460
4 32.389408 1.914385
4 32.435009 1.913536
4 32.511711 1.912335
4 32.597931 1.911324
5 96.600571 3.291097
5 97.222252 3.275930
5 97.405907 3.254229
6 110.800926 3.700030
6 110.897072 3.699054
6 110.974197 3.698017
6 111.041153 3.697009
6 111.102119 3.696021
6 111.164177 3.695003
6 111.217209 3.694010
6 111.263031 3.693031
6 111.305038 3.692005
6 111.344589 3.691019
6 111.382034 3.690027
6 111.414291 3.689048
6 111.437164 3.688029
6 111.447067 3.687560
7 113.161697 3.756005
7 113.417923 3.755002
7 113.603424 3.754028
7 113.744591 3.753001
7 113.852661 3.752018
7 113.941414 3.751005
7 114.016220 3.750013
7 114.079025 3.749042
7 114.141022 3.748039
7 114.202080 3.747005
7 114.244080 3.746038
7 114.281029 3.745099
7 114.310143 3.744017
7 114.333366 3.743061
7 114.349068 3.742039
7 114.364029 3.741028
7 114.376999 3.740020
7 114.382065 3.739370
7 114.384010 3.738316
7 114.385033 3.737505
7 114.386002 3.736778
7 114.387009 3.735793
7 114.388008 3.734742
8 116.130638 3.791004
8 116.467674 3.790019
8 116.682823 3.789012
8 116.818962 3.788005
8 116.928078 3.787012
8 117.019157 3.786036
8 117.094315 3.785026
8 117.149246 3.784014
8 117.197029 3.783002
8 117.236092 3.782053
8 117.269547 3.781027
8 117.296249 3.780029
8 117.323021 3.779017
8 117.347054 3.778045
8 117.370041 3.777065
8 117.389099 3.776002
8 117.397034 3.775116
8 117.404068 3.774139
8 117.411049 3.773113
8 117.418007 3.772057
8 117.424072 3.771127
8 117.431007 3.770033
8 117.433006 3.769527
8 117.433998 3.768888
8 117.435005 3.767826
9 119.281281 3.826014
9 119.677773 3.825019
9 119.849625 3.824002
9 119.970062 3.823001
9 120.060356 3.822076
9 120.142334 3.821021
9 120.205032 3.820053
9 120.268013 3.819002
9 120.320068 3.818051
9 120.363113 3.817023
9 120.400002 3.816043
9 120.430054 3.815099
9 120.462128 3.814014
9 120.488052 3.813051
9 120.514267 3.812030
9 120.532013 3.811065
9 120.547150 3.810020
9 120.561203 3.809032
9 120.574257 3.808020
9 120.586121 3.807040
9 120.597000 3.806103
9 120.607338 3.805020
9 120.609245 3.804678
10 122.660164 3.861028
10 122.930931 3.860082
10 123.115105 3.859003
10 123.229195 3.858087
10 123.332253 3.857005
10 123.403091 3.856023
10 123.458092 3.855007
10 123.509178 3.854012
10 123.551201 3.853070
10 123.594070 3.852004
10 123.622269 3.851072
10 123.645042 3.850007
10 123.660126 3.849003
10 123.669029 3.848027
10 123.678024 3.847011
10 123.685181 3.846126
10 123.687027 3.845173
10 123.688179 3.843399
11 126.150558 3.895019
11 126.354652 3.894021
11 126.481972 3.893003
11 126.563049 3.892061
11 126.633034 3.891064
11 126.697083 3.890029
11 126.740227 3.889053
11 126.777031 3.888005
11 126.799278 3.887058
11 126.810997 3.886052
11 126.819031 3.885053
11 126.826057 3.884128
11 126.833054 3.883145
11 126.840012 3.882108
11 126.847000 3.881015
11 126.851250 3.880287
12 128.992645 3.926007
12 129.218231 3.925033
12 129.358185 3.924020
12 129.455307 3.923022
12 129.524231 3.922042
12 129.576096 3.921001
12 129.613220 3.920067
12 129.647079 3.919128
12 129.683044 3.918040
12 129.704102 3.917108
12 129.724091 3.916018
12 129.740036 3.915050
12 129.755127 3.914058
12 129.770004 3.913091
12 129.779160 3.912217
13 130.785385 3.940009
13 130.902893 3.939008
13 130.979065 3.938072
13 131.030792 3.937012
13 131.068497 3.936051
13 131.094131 3.935004
13 131.102020 3.934009
13 131.108994 3.933076
13 131.116043 3.932081
13 131.123016 3.931028
13 131.128021 3.930207
14 127.181847 3.901070
14 127.306488 3.900027
14 127.369255 3.899064
14 127.416885 3.898018
14 127.447289 3.897037
14 127.470268 3.896029
14 127.476044 3.895009
15 90.846298 3.341727
